# Wavelength[cm^-1]  Transmittance
457	0.8827
458	0.8816
459	0.8828
460	0.8795000000000001
461	0.8783000000000001
462	0.8767000000000001
463	0.8751000000000001
464	0.8736000000000002
465	0.8718000000000001
466	0.8697000000000001
467	0.8676000000000001
468	0.8655
469	0.8634000000000001
470	0.8608000000000001
471	0.8577000000000001
472	0.8545
473	0.8514
474	0.8482000000000001
475	0.8451000000000001
476	0.8419000000000001
477	0.8384
478	0.8345
479	0.8306000000000001
480	0.8266000000000001
481	0.8227000000000001
482	0.8188000000000001
483	0.8148000000000001
484	0.8109000000000001
485	0.8067000000000001
486	0.8025
487	0.7982999999999999
488	0.7940999999999999
489	0.7898999999999999
490	0.7857
491	0.7814999999999999
492	0.7775
493	0.7737
494	0.7698
495	0.766
496	0.7622
497	0.7583
498	0.7545
499	0.7507
500	0.7469
501	0.7424
502	0.7377
503	0.733
504	0.7282
505	0.7234999999999999
506	0.7188
507	0.7142999999999999
508	0.7098
509	0.7053999999999999
510	0.7009
511	0.6969
512	0.6929
513	0.6889
514	0.6854999999999999
515	0.6823999999999999
516	0.6791999999999999
517	0.6759999999999999
518	0.6717
519	0.6671999999999999
520	0.659
521	0.6444
522	0.6333
523	0.6247
524	0.5894999999999999
525	0.5537000000000001
526	0.5257000000000001
527	0.5393
528	0.5607000000000001
529	0.5292
530	0.45130000000000003
531	0.4506
532	0.4514
533	0.6812999999999999
534	0.6824999999999999
535	0.6823999999999999
536	0.6832999999999999
537	0.6808
538	0.6792999999999999
539	0.6768
540	0.6740999999999999
541	0.6714999999999999
542	0.6691999999999999
543	0.6677
544	0.6650999999999999
545	0.6673999999999999
546	0.6684999999999999
547	0.6698999999999999
548	0.6744999999999999
549	0.6819999999999999
550	0.6893999999999999
551	0.6968
552	0.7042999999999999
553	0.7117
554	0.7191
555	0.7266
556	0.734
557	0.7414
558	0.7489
559	0.7563
560	0.7636000000000001
561	0.7718
562	0.7823999999999999
563	0.7902999999999999
564	0.7960999999999999
565	0.8019000000000001
566	0.8077000000000001
567	0.8140000000000001
568	0.8203
569	0.8266000000000001
570	0.8329000000000001
571	0.8392000000000001
572	0.8455
573	0.8518000000000001
574	0.8572000000000001
575	0.8609000000000001
576	0.8646000000000001
577	0.8683000000000001
578	0.8720000000000001
579	0.8757000000000001
580	0.8795000000000001
581	0.8832
582	0.887
583	0.8907
584	0.8936000000000001
585	0.8962
586	0.8988
587	0.9014
588	0.904
589	0.9065
590	0.9083
591	0.91
592	0.9118
593	0.9135
594	0.9152
595	0.9163
596	0.9174
597	0.9185
598	0.9195
599	0.92
600	0.9205
601	0.921
602	0.9215
603	0.922
604	0.9225
605	0.9233
606	0.9241
607	0.9249
608	0.9257000000000001
609	0.9264
610	0.9268000000000001
611	0.9272
612	0.9276000000000001
613	0.9279000000000001
614	0.9283
615	0.9287000000000001
616	0.9291
617	0.9295
618	0.9298000000000001
619	0.9302
620	0.9303
621	0.9304
622	0.9305
623	0.9306000000000001
624	0.9304
625	0.9301
626	0.9299000000000001
627	0.9296000000000001
628	0.9294
629	0.9291
630	0.9289000000000001
631	0.9287000000000001
632	0.9284
633	0.9281
634	0.9278000000000001
635	0.9275
636	0.9271
637	0.9268000000000001
638	0.9265
639	0.9261
640	0.9258000000000001
641	0.9254
642	0.9244
643	0.9235
644	0.9226000000000001
645	0.9216000000000001
646	0.9207000000000001
647	0.9198000000000001
648	0.9188000000000001
649	0.9177000000000001
650	0.9161
651	0.9146000000000001
652	0.9136000000000001
653	0.9127000000000001
654	0.9118
655	0.9109
656	0.9111
657	0.9114
658	0.9116000000000001
659	0.9119
660	0.9121
661	0.9122
662	0.9123
663	0.9123
664	0.9121
665	0.9118
666	0.9108
667	0.9091
668	0.9074
669	0.8711000000000001
670	0.8337000000000001
671	0.8144
672	0.8346000000000001
673	0.8658000000000001
674	0.8971
675	0.9065
676	0.9077000000000001
677	0.9089
678	0.9095
679	0.91
680	0.9104
681	0.9103
682	0.9101
683	0.91
684	0.9099
685	0.9098
686	0.9097000000000001
687	0.9095
688	0.9091
689	0.909
690	0.9093
691	0.9095
692	0.9098
693	0.91
694	0.9103
695	0.9107000000000001
696	0.9112
697	0.9117000000000001
698	0.9122
699	0.9127000000000001
700	0.9134
701	0.914
702	0.9146000000000001
703	0.9152
704	0.9159
705	0.9164
706	0.9168000000000001
707	0.9173
708	0.9177000000000001
709	0.9181
710	0.9185
711	0.9187000000000001
712	0.9189
713	0.9192
714	0.9194
715	0.9189
716	0.9196000000000001
717	0.9195
718	0.9193
719	0.9192
720	0.9191
721	0.9189
722	0.9186000000000001
723	0.918
724	0.9175
725	0.917
726	0.9165
727	0.9159
728	0.9153
729	0.9147000000000001
730	0.9141
731	0.9135
732	0.9129
733	0.9123
734	0.9117000000000001
735	0.9111
736	0.9106000000000001
737	0.9102
738	0.9097000000000001
739	0.9093
740	0.9089
741	0.9084
742	0.908
743	0.9076000000000001
744	0.9074
745	0.9073
746	0.9071
747	0.9069
748	0.9068
749	0.9066000000000001
750	0.9064
751	0.9063
752	0.9061
753	0.906
754	0.9059
755	0.9058
756	0.9057000000000001
757	0.9056000000000001
758	0.9055
759	0.9054
760	0.9054
761	0.9055
762	0.9057000000000001
763	0.9059
764	0.9061
765	0.9063
766	0.9066000000000001
767	0.9068
768	0.907
769	0.9072
770	0.9074
771	0.9075
772	0.9077000000000001
773	0.9078
774	0.908
775	0.9081
776	0.9083
777	0.9084
778	0.9086000000000001
779	0.9087000000000001
780	0.9089
781	0.909
782	0.9092
783	0.9091
784	0.909
785	0.9089
786	0.9088
787	0.9087000000000001
788	0.9086000000000001
789	0.9084
790	0.9083
791	0.9082
792	0.9081
793	0.908
794	0.9078
795	0.9074
796	0.9071
797	0.9067000000000001
798	0.9063
799	0.9059
800	0.9056000000000001
801	0.9052
802	0.9048
803	0.9044
804	0.9039
805	0.9035
806	0.903
807	0.9026000000000001
808	0.9021
809	0.9016000000000001
810	0.9012
811	0.9007000000000001
812	0.9003
813	0.8998
814	0.8994
815	0.8987
816	0.8977
817	0.8966000000000001
818	0.8956000000000001
819	0.8946000000000001
820	0.8936000000000001
821	0.8926000000000001
822	0.8916000000000001
823	0.8906000000000001
824	0.8889
825	0.8872
826	0.8855
827	0.8838
828	0.8821
829	0.8804
830	0.8779000000000001
831	0.8753000000000001
832	0.8726000000000002
833	0.8699000000000001
834	0.8666000000000001
835	0.8630000000000001
836	0.8593000000000001
837	0.8557000000000001
838	0.8520000000000001
839	0.8468000000000001
840	0.8413
841	0.8357000000000001
842	0.8299000000000001
843	0.8231
844	0.8163
845	0.8094
846	0.8026000000000001
847	0.7949999999999999
848	0.7870999999999999
849	0.7793
850	0.7701
851	0.75
852	0.7252
853	0.7059
854	0.6910999999999999
855	0.6766
856	0.6641999999999999
857	0.6517000000000001
858	0.638
859	0.6216
860	0.6052
861	0.5888
862	0.5724
863	0.556
864	0.5396000000000001
865	0.5232
866	0.5068
867	0.47290000000000004
868	0.4465
869	0.41030000000000005
870	0.36169999999999997
871	0.3343
872	0.3182
873	0.3055
874	0.29430000000000006
875	0.28440000000000004
876	0.2746
877	0.2649
878	0.2557
879	0.24650000000000002
880	0.23720000000000002
881	0.22740000000000002
882	0.21720000000000003
883	0.20440000000000003
884	0.1945
885	0.188
886	0.1815
887	0.17440000000000003
888	0.167
889	0.15930000000000002
890	0.15120000000000003
891	0.14300000000000002
892	0.1338
893	0.1274
894	0.1228
895	0.12430000000000001
896	0.1259
897	0.1286
898	0.1311
899	0.1333
900	0.1336
901	0.1335
902	0.1322
903	0.1123
904	0.09129999999999999
905	0.0704
906	0.0494
907	0.0284
908	0.009899999999999999
909	0.011099999999999999
910	0.0166
911	0.0696
912	0.1155
913	0.1155
914	0.1158
915	0.1118
916	0.10840000000000001
917	0.10400000000000001
918	0.0992
919	0.0951
920	0.0932
921	0.0926
922	0.092
923	0.09179999999999999
924	0.0916
925	0.0919
926	0.0899
927	0.09620000000000001
928	0.09860000000000001
929	0.10170000000000001
930	0.10600000000000001
931	0.1104
932	0.117
933	0.12390000000000001
934	0.1338
935	0.1443
936	0.15990000000000004
937	0.1726
938	0.184
939	0.20270000000000002
940	0.2243
941	0.24150000000000002
942	0.2727
943	0.29530000000000006
944	0.3178
945	0.3404
946	0.363
947	0.3855
948	0.4081
949	0.43060000000000004
950	0.4532
951	0.47580000000000006
952	0.4983
953	0.5209
954	0.5422
955	0.5544
956	0.5633
957	0.5706000000000001
958	0.5779000000000001
959	0.585
960	0.5919
961	0.5988
962	0.6051
963	0.6088
964	0.6124999999999999
965	0.6151
966	0.6158
967	0.6187
968	0.616
969	0.6157
970	0.6144999999999999
971	0.6127
972	0.6087
973	0.5999
974	0.5887
975	0.5769000000000001
976	0.5667000000000001
977	0.5565
978	0.5472
979	0.5382
980	0.5291
981	0.48780000000000007
982	0.43150000000000005
983	0.3849
984	0.3769
985	0.3615
986	0.3543
987	0.3529
988	0.36519999999999997
989	0.3775
990	0.3899
991	0.3837
992	0.2881
993	0.2293
994	0.21990000000000004
995	0.21440000000000003
996	0.21400000000000002
997	0.2131
998	0.21280000000000002
999	0.2311
1000	0.24170000000000003
1001	0.2523
1002	0.2629
1003	0.2727
1004	0.27540000000000003
1005	0.27080000000000004
1006	0.26730000000000004
1007	0.25880000000000003
1008	0.24720000000000003
1009	0.2356
1010	0.20750000000000002
1011	0.17830000000000001
1012	0.14900000000000002
1013	0.1197
1014	0.08600000000000001
1015	0.0914
1016	0.11839999999999999
1017	0.13540000000000002
1018	0.13820000000000002
1019	0.3246
1020	0.32630000000000003
1021	0.3255
1022	0.3241
1023	0.3211
1024	0.3161
1025	0.3143
1026	0.3136
1027	0.3138
1028	0.3143
1029	0.3157
1030	0.3178
1031	0.32999999999999996
1032	0.33719999999999994
1033	0.3444
1034	0.35159999999999997
1035	0.35869999999999996
1036	0.3659
1037	0.3731
1038	0.3803
1039	0.3875
1040	0.3947
1041	0.40190000000000003
1042	0.4091
1043	0.41630000000000006
1044	0.42340000000000005
1045	0.43400000000000005
1046	0.4404
1047	0.4482
1048	0.4559
1049	0.4721
1050	0.5153
1051	0.5243
1052	0.536
1053	0.5492
1054	0.5677000000000001
1055	0.5862999999999999
1056	0.598
1057	0.6093
1058	0.6202
1059	0.6304
1060	0.6389
1061	0.6474
1062	0.6558
1063	0.6639999999999999
1064	0.6722999999999999
1065	0.6799999999999999
1066	0.6876
1067	0.6944999999999999
1068	0.7001999999999999
1069	0.706
1070	0.7131
1071	0.7204999999999999
1072	0.7283
1073	0.7372
1074	0.7456
1075	0.7539
1076	0.7627
1077	0.7726000000000001
1078	0.7831999999999999
1079	0.7927
1080	0.7988
1081	0.805
1082	0.8116000000000001
1083	0.8203
1084	0.8291000000000001
1085	0.8383
1086	0.8479000000000001
1087	0.8576000000000001
1088	0.8621000000000001
1089	0.8667000000000001
1090	0.8713000000000001
1091	0.8749000000000001
1092	0.8782000000000001
1093	0.8815
1094	0.8848
1095	0.8883
1096	0.8918
1097	0.8953
1098	0.8983
1099	0.901
1100	0.903
1101	0.9051
1102	0.9065
1103	0.908
1104	0.9094
1105	0.9109
1106	0.9124
1107	0.914
1108	0.9151
1109	0.9158000000000001
1110	0.9165
1111	0.9172
1112	0.9179
1113	0.9186000000000001
1114	0.9193
1115	0.9195
1116	0.9196000000000001
1117	0.9198000000000001
1118	0.92
1119	0.9201
1120	0.9203
1121	0.9204
1122	0.9203
1123	0.9202
1124	0.9201
1125	0.92
1126	0.92
1127	0.9199
1128	0.9198000000000001
1129	0.9197000000000001
1130	0.9196000000000001
1131	0.9191
1132	0.9186000000000001
1133	0.9181
1134	0.9176000000000001
1135	0.9171
1136	0.9166000000000001
1137	0.9161
1138	0.9156000000000001
1139	0.9151
1140	0.9147000000000001
1141	0.9143
1142	0.914
1143	0.914
1144	0.9143
1145	0.9146000000000001
1146	0.9148000000000001
1147	0.9151
1148	0.9153
1149	0.9156000000000001
1150	0.9158000000000001
1151	0.9161
1152	0.9163
1153	0.9166000000000001
1154	0.9169
1155	0.9171
1156	0.9174
1157	0.9176000000000001
1158	0.9178000000000001
1159	0.9178000000000001
1160	0.9179
1161	0.918
1162	0.9181
1163	0.9182
1164	0.9182
1165	0.9183
1166	0.9184
1167	0.9185
1168	0.9187000000000001
1169	0.9223
1170	0.919
1171	0.9192
1172	0.9189
1173	0.9183
1174	0.9177000000000001
1175	0.917
1176	0.9163
1177	0.9157000000000001
1178	0.915
1179	0.9143
1180	0.9137000000000001
1181	0.9136000000000001
1182	0.9145
1183	0.9163
1184	0.9181
1185	0.9197000000000001
1186	0.9206000000000001
1187	0.9216000000000001
1188	0.9225
1189	0.9231
1190	0.9237000000000001
1191	0.9244
1192	0.9247000000000001
1193	0.9249
1194	0.9251
1195	0.9253
1196	0.9253
1197	0.9252
1198	0.9252
1199	0.9251
1200	0.925
1201	0.9249
1202	0.9247000000000001
1203	0.9244
1204	0.9241
1205	0.9238000000000001
1206	0.9236000000000001
1207	0.9233
1208	0.923
1209	0.9228000000000001
1210	0.9225
1211	0.9222
1212	0.922
1213	0.9217000000000001
1214	0.9214
1215	0.921
1216	0.9205
1217	0.9201
1218	0.9197000000000001
1219	0.9193
1220	0.9188000000000001
1221	0.9184
1222	0.918
1223	0.9174
1224	0.9169
1225	0.9163
1226	0.9158000000000001
1227	0.9152
1228	0.9147000000000001
1229	0.9141
1230	0.9133
1231	0.9125
1232	0.9117000000000001
1233	0.9109
1234	0.909
1235	0.9072
1236	0.9051
1237	0.9029
1238	0.9008
1239	0.8986000000000001
1240	0.8964
1241	0.8934
1242	0.8903
1243	0.8872
1244	0.8842
1245	0.8814
1246	0.8786000000000002
1247	0.8758000000000001
1248	0.8729000000000001
1249	0.8702000000000001
1250	0.8678000000000001
1251	0.8655
1252	0.8632000000000001
1253	0.8609000000000001
1254	0.8590000000000001
1255	0.8573000000000001
1256	0.8556000000000001
1257	0.8540000000000001
1258	0.8523000000000001
1259	0.8507000000000001
1260	0.8500000000000001
1261	0.8492000000000001
1262	0.8485
1263	0.8477000000000001
1264	0.8476000000000001
1265	0.8476000000000001
1266	0.8476000000000001
1267	0.8476000000000001
1268	0.8477000000000001
1269	0.8478000000000001
1270	0.8479000000000001
1271	0.8480000000000001
1272	0.8477000000000001
1273	0.8474
1274	0.8491000000000001
1275	0.8448000000000001
1276	0.8431000000000001
1277	0.8406000000000001
1278	0.8380000000000001
1279	0.8347000000000001
1280	0.8304
1281	0.8200000000000001
1282	0.8130000000000001
1283	0.8105
1284	0.8113
1285	0.8093
1286	0.8159000000000001
1287	0.8191
1288	0.8230000000000001
1289	0.8280000000000001
1290	0.8326000000000001
1291	0.8371000000000001
1292	0.8423
1293	0.8478000000000001
1294	0.8519000000000001
1295	0.8551000000000001
1296	0.8567000000000001
1297	0.8572000000000001
1298	0.8572000000000001
1299	0.8592000000000001
1300	0.8551000000000001
1301	0.8532000000000001
1302	0.8473
1303	0.8382000000000001
1304	0.8317000000000001
1305	0.8309000000000001
1306	0.8306000000000001
1307	0.8317000000000001
1308	0.8323
1309	0.8334
1310	0.8350000000000001
1311	0.8371000000000001
1312	0.8395
1313	0.8422000000000001
1314	0.8453
1315	0.8483
1316	0.8506000000000001
1317	0.8529000000000001
1318	0.8551000000000001
1319	0.8574
1320	0.8600000000000001
1321	0.8625
1322	0.8642000000000001
1323	0.8659000000000001
1324	0.8675
1325	0.8692000000000001
1326	0.8703000000000001
1327	0.8712000000000001
1328	0.8719000000000001
1329	0.8719000000000001
1330	0.8719000000000001
1331	0.8719000000000001
1332	0.8719000000000001
1333	0.8719000000000001
1334	0.8718000000000001
1335	0.8716000000000002
1336	0.8715
1337	0.8714000000000001
1338	0.8713000000000001
1339	0.8712000000000001
1340	0.8711000000000001
1341	0.8708000000000001
1342	0.8706000000000002
1343	0.8704000000000001
1344	0.8701000000000001
1345	0.8699000000000001
1346	0.8697000000000001
1347	0.8692000000000001
1348	0.8684000000000001
1349	0.8676000000000001
1350	0.8668000000000001
1351	0.8660000000000001
1352	0.8652000000000001
1353	0.8632000000000001
1354	0.8613000000000001
1355	0.8593000000000001
1356	0.8574
1357	0.8542000000000001
1358	0.8509000000000001
1359	0.8470000000000001
1360	0.8421000000000001
1361	0.8353
1362	0.8274
1363	0.8154
1364	0.8033
1365	0.7898999999999999
1366	0.7754
1367	0.7547
1368	0.7417
1369	0.729
1370	0.7198
1371	0.7106
1372	0.6648
1373	0.6642999999999999
1374	0.6656
1375	0.6668
1376	0.6692999999999999
1377	0.6822999999999999
1378	0.699
1379	0.7397
1380	0.7803999999999999
1381	0.8042
1382	0.7749
1383	0.6982999999999999
1384	0.6372
1385	0.6391
1386	0.7921999999999999
1387	0.7926
1388	0.7471
1389	0.7231
1390	0.699
1391	0.6852999999999999
1392	0.6847
1393	0.6949
1394	0.709
1395	0.723
1396	0.737
1397	0.7511
1398	0.7651
1399	0.7791
1400	0.7931999999999999
1401	0.8112
1402	0.8272
1403	0.8321000000000001
1404	0.8352
1405	0.8375
1406	0.8388000000000001
1407	0.8402000000000001
1408	0.8413
1409	0.8420000000000001
1410	0.8428000000000001
1411	0.8430000000000001
1412	0.8432000000000001
1413	0.8428000000000001
1414	0.8423
1415	0.8418000000000001
1416	0.8412000000000001
1417	0.8404
1418	0.8397000000000001
1419	0.8389000000000001
1420	0.8391000000000001
1421	0.8392000000000001
1422	0.8393
1423	0.8399000000000001
1424	0.8409000000000001
1425	0.8418000000000001
1426	0.8428000000000001
1427	0.8444
1428	0.8460000000000001
1429	0.8476000000000001
1430	0.8494
1431	0.8515
1432	0.8523000000000001
1433	0.8527000000000001
1434	0.8522000000000001
1435	0.8517000000000001
1436	0.8502000000000001
1437	0.8487000000000001
1438	0.8471000000000001
1439	0.8456000000000001
1440	0.8443
1441	0.8443
1442	0.8443
1443	0.8443
1444	0.8450000000000001
1445	0.8458000000000001
1446	0.8467000000000001
1447	0.8476000000000001
1448	0.8486000000000001
1449	0.8499000000000001
1450	0.8512000000000001
1451	0.8525
1452	0.8539000000000001
1453	0.8563000000000001
1454	0.8586000000000001
1455	0.8609000000000001
1456	0.8625
1457	0.8634000000000001
1458	0.8643000000000001
1459	0.8645
1460	0.8667000000000001
1461	0.8631000000000001
1462	0.8622000000000001
1463	0.8613000000000001
1464	0.8604
1465	0.8593000000000001
1466	0.8583000000000001
1467	0.8569000000000001
1468	0.8552000000000001
1469	0.8534
1470	0.8516000000000001
1471	0.8498000000000001
1472	0.8479000000000001
1473	0.8461000000000001
1474	0.8442000000000001
1475	0.8424
1476	0.8402000000000001
1477	0.8378000000000001
1478	0.8354
1479	0.8299000000000001
1480	0.812
1481	0.7932999999999999
1482	0.7940999999999999
1483	0.7989999999999999
1484	0.8156000000000001
1485	0.8322
1486	0.8392000000000001
1487	0.8419000000000001
1488	0.8437000000000001
1489	0.8458000000000001
1490	0.8441000000000001
1491	0.8437000000000001
1492	0.8433
1493	0.8427000000000001
1494	0.8416000000000001
1495	0.8405
1496	0.8388000000000001
1497	0.8378000000000001
1498	0.8372
1499	0.8369000000000001
1500	0.8331000000000001
1501	0.8420000000000001
1502	0.8440000000000001
1503	0.8467000000000001
1504	0.8495
1505	0.8522000000000001
1506	0.8544
1507	0.8567000000000001
1508	0.8589000000000001
1509	0.8612000000000001
1510	0.8634000000000001
1511	0.8647000000000001
1512	0.8657000000000001
1513	0.8667000000000001
1514	0.8679000000000001
1515	0.8691000000000001
1516	0.8703000000000001
1517	0.8720000000000001
1518	0.8738000000000001
1519	0.8756000000000002
1520	0.8768000000000001
1521	0.8780000000000001
1522	0.8792000000000001
1523	0.8804
1524	0.8813
1525	0.8821
1526	0.8828
1527	0.8835
1528	0.8842
1529	0.8849
1530	0.8856
1531	0.8863
1532	0.8867
1533	0.8871
1534	0.8874
1535	0.8878
1536	0.8881
1537	0.8885
1538	0.8885
1539	0.8881
1540	0.8877
1541	0.8872
1542	0.8868
1543	0.8906000000000001
1544	0.8851
1545	0.8836
1546	0.8821
1547	0.8806
1548	0.8788000000000001
1549	0.8768000000000001
1550	0.8749000000000001
1551	0.8730000000000001
1552	0.8711000000000001
1553	0.8691000000000001
1554	0.8670000000000001
1555	0.8648000000000001
1556	0.8625
1557	0.8602000000000001
1558	0.8579000000000001
1559	0.8557000000000001
1560	0.8513000000000001
1561	0.8466000000000001
1562	0.8420000000000001
1563	0.8373
1564	0.8327000000000001
1565	0.8257000000000001
1566	0.8169000000000001
1567	0.8082
1568	0.7987
1569	0.7867
1570	0.7748
1571	0.7622
1572	0.7462
1573	0.7302
1574	0.7008
1575	0.6604999999999999
1576	0.6202
1577	0.5799000000000001
1578	0.5396000000000001
1579	0.4993
1580	0.459
1581	0.4187
1582	0.3784
1583	0.33809999999999996
1584	0.29780000000000006
1585	0.2575
1586	0.21720000000000003
1587	0.1922
1588	0.182
1589	0.1851
1590	0.1829
1591	0.1968
1592	0.23940000000000003
1593	0.2821
1594	0.3247
1595	0.3576
1596	0.35619999999999996
1597	0.3579
1598	0.35119999999999996
1599	0.3408
1600	0.3119
1601	0.2831
1602	0.2542
1603	0.22540000000000002
1604	0.1965
1605	0.16770000000000002
1606	0.15770000000000003
1607	0.15880000000000002
1608	0.15980000000000003
1609	0.16620000000000001
1610	0.2005
1611	0.2582
1612	0.3159
1613	0.3736
1614	0.43130000000000007
1615	0.48900000000000005
1616	0.5467000000000001
1617	0.6043999999999999
1618	0.6621999999999999
1619	0.7111
1620	0.7919999999999999
1621	0.8268000000000001
1622	0.8362
1623	0.8431000000000001
1624	0.8463
1625	0.8473
1626	0.8483
1627	0.8490000000000001
1628	0.8493
1629	0.8496000000000001
1630	0.8500000000000001
1631	0.8502000000000001
1632	0.8505
1633	0.8507000000000001
1634	0.8509000000000001
1635	0.8510000000000001
1636	0.8508000000000001
1637	0.8507000000000001
1638	0.8505
1639	0.8502000000000001
1640	0.8494
1641	0.8485
1642	0.8478000000000001
1643	0.8474
1644	0.8469000000000001
1645	0.8480000000000001
1646	0.8493
1647	0.8507000000000001
1648	0.8521000000000001
1649	0.8536000000000001
1650	0.8551000000000001
1651	0.8566000000000001
1652	0.8588000000000001
1653	0.8612000000000001
1654	0.8631000000000001
1655	0.8646000000000001
1656	0.8661000000000001
1657	0.8666000000000001
1658	0.8668000000000001
1659	0.8669000000000001
1660	0.8665
1661	0.8661000000000001
1662	0.8656000000000001
1663	0.8652000000000001
1664	0.8651000000000001
1665	0.8653000000000001
1666	0.8656000000000001
1667	0.8660000000000001
1668	0.8668000000000001
1669	0.8676000000000001
1670	0.8684000000000001
1671	0.8695
1672	0.8706000000000002
1673	0.8717000000000001
1674	0.8728000000000001
1675	0.8738000000000001
1676	0.8748000000000001
1677	0.8757000000000001
1678	0.8766000000000002
1679	0.8775000000000001
1680	0.8783000000000001
1681	0.8792000000000001
1682	0.8801
1683	0.881
1684	0.8818
1685	0.8827
1686	0.8835
1687	0.8843
1688	0.8846
1689	0.8849
1690	0.8851
1691	0.8854
1692	0.8857
1693	0.886
1694	0.8862
1695	0.8859
1696	0.8857
1697	0.8855
1698	0.8852
1699	0.885
1700	0.8858
1701	0.8845
1702	0.8843
1703	0.8837
1704	0.8831
1705	0.8824
1706	0.8818
1707	0.8812
1708	0.8806
1709	0.88
1710	0.8794000000000001
1711	0.8788000000000001
1712	0.8782000000000001
1713	0.8774000000000001
1714	0.8765000000000001
1715	0.8757000000000001
1716	0.8749000000000001
1717	0.8741000000000001
1718	0.8733000000000001
1719	0.8725
1720	0.8716000000000002
1721	0.8708000000000001
1722	0.8698000000000001
1723	0.8687000000000001
1724	0.8677000000000001
1725	0.8666000000000001
1726	0.8656000000000001
1727	0.8645
1728	0.8634000000000001
1729	0.8624
1730	0.8612000000000001
1731	0.8600000000000001
1732	0.8587000000000001
1733	0.8574
1734	0.8561000000000001
1735	0.8549000000000001
1736	0.8536000000000001
1737	0.8523000000000001
1738	0.8511000000000001
1739	0.8498000000000001
1740	0.8485
1741	0.8467000000000001
1742	0.8449000000000001
1743	0.8430000000000001
1744	0.8412000000000001
1745	0.8394
1746	0.8376000000000001
1747	0.8350000000000001
1748	0.8324
1749	0.8297000000000001
1750	0.8273
1751	0.8254
1752	0.8235
1753	0.8227000000000001
1754	0.8220000000000001
1755	0.8222
1756	0.8216000000000001
1757	0.8246000000000001
1758	0.8274
1759	0.8299000000000001
1760	0.8324
1761	0.8348000000000001
1762	0.8365
1763	0.8369000000000001
1764	0.8366000000000001
1765	0.8363
1766	0.8360000000000001
1767	0.8357000000000001
1768	0.8357000000000001
1769	0.8372
1770	0.8391000000000001
1771	0.8409000000000001
1772	0.8430000000000001
1773	0.8440000000000001
1774	0.8440000000000001
1775	0.8440000000000001
1776	0.8439000000000001
1777	0.8455
1778	0.8428000000000001
1779	0.8421000000000001
1780	0.8411000000000001
1781	0.8402000000000001
1782	0.8391000000000001
1783	0.8378000000000001
1784	0.8366000000000001
1785	0.8350000000000001
1786	0.8334
1787	0.8303
1788	0.8272
1789	0.8241
1790	0.8205
1791	0.8168000000000001
1792	0.8123
1793	0.8075
1794	0.8028000000000001
1795	0.7971999999999999
1796	0.7911999999999999
1797	0.7848999999999999
1798	0.7768
1799	0.7686000000000001
1800	0.7561
1801	0.7413
1802	0.6806
1803	0.6449
1804	0.6092
1805	0.5736000000000001
1806	0.5379
1807	0.5022
1808	0.4665
1809	0.43080000000000007
1810	0.3951
1811	0.38280000000000003
1812	0.384
1813	0.38130000000000003
1814	0.41550000000000004
1815	0.4318000000000001
1816	0.4481
1817	0.4752
1818	0.4766
1819	0.47640000000000005
1820	0.43170000000000003
1821	0.41800000000000004
1822	0.6433
1823	0.6453
1824	0.5756000000000001
1825	0.5271
1826	0.47850000000000004
1827	0.43000000000000005
1828	0.3815
1829	0.3515
1830	0.3514
1831	0.3691
1832	0.39440000000000003
1833	0.41980000000000006
1834	0.4451
1835	0.47050000000000003
1836	0.4959
1837	0.5212
1838	0.5733
1839	0.6234
1840	0.6736
1841	0.7237
1842	0.7739
1843	0.8116000000000001
1844	0.8248000000000001
1845	0.8307000000000001
1846	0.8367000000000001
1847	0.8419000000000001
1848	0.8468000000000001
1849	0.8499000000000001
1850	0.8524
1851	0.8546000000000001
1852	0.8560000000000001
1853	0.8574
1854	0.8587000000000001
1855	0.8592000000000001
1856	0.8593000000000001
1857	0.8591000000000001
1858	0.8588000000000001
1859	0.8582000000000001
1860	0.8570000000000001
1861	0.8560000000000001
1862	0.8551000000000001
1863	0.8541000000000001
1864	0.8537000000000001
1865	0.8534
1866	0.8532000000000001
1867	0.8536000000000001
1868	0.8540000000000001
1869	0.8545
1870	0.8551000000000001
1871	0.8556000000000001
1872	0.8601000000000001
1873	0.8566000000000001
1874	0.8565
1875	0.8563000000000001
1876	0.8556000000000001
1877	0.8542000000000001
1878	0.8528000000000001
1879	0.8523000000000001
1880	0.8522000000000001
1881	0.8521000000000001
1882	0.8520000000000001
1883	0.8526000000000001
1884	0.8531000000000001
1885	0.8536000000000001
1886	0.8541000000000001
1887	0.8547000000000001
1888	0.8555
1889	0.8564
1890	0.8572000000000001
1891	0.8582000000000001
1892	0.8596000000000001
1893	0.8609000000000001
1894	0.8616000000000001
1895	0.8622000000000001
1896	0.8628000000000001
1897	0.8634000000000001
1898	0.8638000000000001
1899	0.8641000000000001
1900	0.8645
1901	0.8644000000000001
1902	0.8636000000000001
1903	0.8629000000000001
1904	0.8621000000000001
1905	0.8612000000000001
1906	0.8603000000000001
1907	0.8595
1908	0.8586000000000001
1909	0.8588000000000001
1910	0.8590000000000001
1911	0.8593000000000001
1912	0.8595
1913	0.8598000000000001
1914	0.8602000000000001
1915	0.8605
1916	0.8608000000000001
1917	0.8611000000000001
1918	0.8614
1919	0.8617000000000001
1920	0.8620000000000001
1921	0.8621000000000001
1922	0.8621000000000001
1923	0.8622000000000001
1924	0.8622000000000001
1925	0.8623000000000001
1926	0.8624
1927	0.8623000000000001
1928	0.8622000000000001
1929	0.8621000000000001
1930	0.8620000000000001
1931	0.8619000000000001
1932	0.8618000000000001
1933	0.8617000000000001
1934	0.8615
1935	0.8614
1936	0.8613000000000001
1937	0.8611000000000001
1938	0.8606000000000001
1939	0.8602000000000001
1940	0.8597000000000001
1941	0.8593000000000001
1942	0.8588000000000001
1943	0.8583000000000001
1944	0.8579000000000001
1945	0.8570000000000001
1946	0.8558000000000001
1947	0.8547000000000001
1948	0.8532000000000001
1949	0.8516000000000001
1950	0.8500000000000001
1951	0.8483
1952	0.8467000000000001
1953	0.8450000000000001
1954	0.8433
1955	0.8415
1956	0.8397000000000001
1957	0.8379000000000001
1958	0.8361000000000001
1959	0.8346000000000001
1960	0.8349000000000001
1961	0.8357000000000001
1962	0.8349000000000001
1963	0.8373
1964	0.8380000000000001
1965	0.8389000000000001
1966	0.8398000000000001
1967	0.8407000000000001
1968	0.8416000000000001
1969	0.8425
1970	0.8434
1971	0.8445
1972	0.8456000000000001
1973	0.8467000000000001
1974	0.8473
1975	0.8470000000000001
1976	0.8465
1977	0.8456000000000001
1978	0.8447000000000001
1979	0.8441000000000001
1980	0.8446000000000001
1981	0.8460000000000001
1982	0.8474
1983	0.8487000000000001
1984	0.8500000000000001
1985	0.8513000000000001
1986	0.8525
1987	0.8539000000000001
1988	0.8554
1989	0.8569000000000001
1990	0.8585
1991	0.8603000000000001
1992	0.8621000000000001
1993	0.8639000000000001
1994	0.8658000000000001
1995	0.8677000000000001
1996	0.8691000000000001
1997	0.8701000000000001
1998	0.8711000000000001
1999	0.8720000000000001
2000	0.8727000000000001
2001	0.8732000000000001
2002	0.8737000000000001
2003	0.8739000000000001
2004	0.8742000000000001
2005	0.8744000000000001
2006	0.8747000000000001
2007	0.8749000000000001
2008	0.8752000000000001
2009	0.8754000000000001
2010	0.8757000000000001
2011	0.8759000000000001
2012	0.8761000000000001
2013	0.8763000000000001
2014	0.8765000000000001
2015	0.8767000000000001
2016	0.8769000000000001
2017	0.8771000000000001
2018	0.8773000000000001
2019	0.8775000000000001
2020	0.8777000000000001
2021	0.8777000000000001
2022	0.8778000000000001
2023	0.8778000000000001
2024	0.8779000000000001
2025	0.8779000000000001
2026	0.8780000000000001
2027	0.8780000000000001
2028	0.8781000000000001
2029	0.8781000000000001
2030	0.8782000000000001
2031	0.8782000000000001
2032	0.8782000000000001
2033	0.8782000000000001
2034	0.8783000000000001
2035	0.8783000000000001
2036	0.8784000000000001
2037	0.8784000000000001
2038	0.8785000000000001
2039	0.8785000000000001
2040	0.8785000000000001
2041	0.8785000000000001
2042	0.8785000000000001
2043	0.8784000000000001
2044	0.8784000000000001
2045	0.8783000000000001
2046	0.8783000000000001
2047	0.8782000000000001
2048	0.8782000000000001
2049	0.8781000000000001
2050	0.8781000000000001
2051	0.8780000000000001
2052	0.8780000000000001
2053	0.8780000000000001
2054	0.8780000000000001
2055	0.8779000000000001
2056	0.8779000000000001
2057	0.8778000000000001
2058	0.8778000000000001
2059	0.8777000000000001
2060	0.8777000000000001
2061	0.8776000000000002
2062	0.8776000000000002
2063	0.8776000000000002
2064	0.8776000000000002
2065	0.8775000000000001
2066	0.8775000000000001
2067	0.8774000000000001
2068	0.8774000000000001
2069	0.8773000000000001
2070	0.8773000000000001
2071	0.8773000000000001
2072	0.8773000000000001
2073	0.8772000000000001
2074	0.8772000000000001
2075	0.8771000000000001
2076	0.8771000000000001
2077	0.8770000000000001
2078	0.8770000000000001
2079	0.8770000000000001
2080	0.8770000000000001
2081	0.8769000000000001
2082	0.8769000000000001
2083	0.8768000000000001
2084	0.8768000000000001
2085	0.8768000000000001
2086	0.8768000000000001
2087	0.8767000000000001
2088	0.8767000000000001
2089	0.8766000000000002
2090	0.8766000000000002
2091	0.8765000000000001
2092	0.8765000000000001
2093	0.8764000000000001
2094	0.8764000000000001
2095	0.8763000000000001
2096	0.8762000000000001
2097	0.8761000000000001
2098	0.8760000000000001
2099	0.8759000000000001
2100	0.8758000000000001
2101	0.8757000000000001
2102	0.8756000000000002
2103	0.8755000000000001
2104	0.8755000000000001
2105	0.8755000000000001
2106	0.8750000000000001
2107	0.8756000000000002
2108	0.8757000000000001
2109	0.8758000000000001
2110	0.8759000000000001
2111	0.8760000000000001
2112	0.8761000000000001
2113	0.8762000000000001
2114	0.8763000000000001
2115	0.8763000000000001
2116	0.8764000000000001
2117	0.8765000000000001
2118	0.8767000000000001
2119	0.8770000000000001
2120	0.8774000000000001
2121	0.8777000000000001
2122	0.8780000000000001
2123	0.8783000000000001
2124	0.8786000000000002
2125	0.8789000000000001
2126	0.8792000000000001
2127	0.8795000000000001
2128	0.8799000000000001
2129	0.8802
2130	0.8805
2131	0.8806
2132	0.8808
2133	0.8809
2134	0.8811
2135	0.8812
2136	0.8814
2137	0.8815
2138	0.8817
2139	0.8818
2140	0.882
2141	0.8819
2142	0.8818
2143	0.8817
2144	0.8817
2145	0.8816
2146	0.8815
2147	0.8814
2148	0.8814
2149	0.8813
2150	0.8813
2151	0.8812
2152	0.8811
2153	0.881
2154	0.881
2155	0.8809
2156	0.8808
2157	0.8807
2158	0.8807
2159	0.8806
2160	0.8805
2161	0.8804
2162	0.8803
2163	0.8802
2164	0.8801
2165	0.88
2166	0.8799000000000001
2167	0.8798000000000001
2168	0.8797000000000001
2169	0.8796000000000002
2170	0.8795000000000001
2171	0.8794000000000001
2172	0.8794000000000001
2173	0.8793000000000001
2174	0.8792000000000001
2175	0.8791000000000001
2176	0.8790000000000001
2177	0.8789000000000001
2178	0.8788000000000001
2179	0.8787000000000001
2180	0.8786000000000002
2181	0.8785000000000001
2182	0.8784000000000001
2183	0.8784000000000001
2184	0.8784000000000001
2185	0.8783000000000001
2186	0.8783000000000001
2187	0.8783000000000001
2188	0.8783000000000001
2189	0.8782000000000001
2190	0.8782000000000001
2191	0.8782000000000001
2192	0.8782000000000001
2193	0.8781000000000001
2194	0.8781000000000001
2195	0.8780000000000001
2196	0.8780000000000001
2197	0.8780000000000001
2198	0.8780000000000001
2199	0.8779000000000001
2200	0.8779000000000001
2201	0.8779000000000001
2202	0.8779000000000001
2203	0.8778000000000001
2204	0.8778000000000001
2205	0.8778000000000001
2206	0.8778000000000001
2207	0.8777000000000001
2208	0.8777000000000001
2209	0.8776000000000002
2210	0.8775000000000001
2211	0.8774000000000001
2212	0.8773000000000001
2213	0.8772000000000001
2214	0.8771000000000001
2215	0.8769000000000001
2216	0.8768000000000001
2217	0.8767000000000001
2218	0.8766000000000002
2219	0.8764000000000001
2220	0.8763000000000001
2221	0.8762000000000001
2222	0.8761000000000001
2223	0.8759000000000001
2224	0.8758000000000001
2225	0.8757000000000001
2226	0.8756000000000002
2227	0.8754000000000001
2228	0.8753000000000001
2229	0.8752000000000001
2230	0.8751000000000001
2231	0.8749000000000001
2232	0.8748000000000001
2233	0.8747000000000001
2234	0.8746000000000002
2235	0.8742000000000001
2236	0.8739000000000001
2237	0.8735
2238	0.8732000000000001
2239	0.8728000000000001
2240	0.8724000000000001
2241	0.8720000000000001
2242	0.8717000000000001
2243	0.8713000000000001
2244	0.8709000000000001
2245	0.8705
2246	0.8702000000000001
2247	0.8698000000000001
2248	0.8694000000000001
2249	0.8691000000000001
2250	0.8689000000000001
2251	0.8686000000000001
2252	0.8684000000000001
2253	0.8681000000000001
2254	0.8679000000000001
2255	0.8676000000000001
2256	0.8674000000000001
2257	0.8671000000000001
2258	0.8669000000000001
2259	0.8666000000000001
2260	0.8664000000000001
2261	0.8662000000000001
2262	0.8660000000000001
2263	0.8657000000000001
2264	0.8655
2265	0.8652000000000001
2266	0.8650000000000001
2267	0.8647000000000001
2268	0.8645
2269	0.8643000000000001
2270	0.8642000000000001
2271	0.8643000000000001
2272	0.8644000000000001
2273	0.8645
2274	0.8646000000000001
2275	0.8647000000000001
2276	0.8648000000000001
2277	0.8649000000000001
2278	0.8650000000000001
2279	0.8651000000000001
2280	0.8653000000000001
2281	0.8654000000000001
2282	0.8655
2283	0.8656000000000001
2284	0.8657000000000001
2285	0.8658000000000001
2286	0.8660000000000001
2287	0.8661000000000001
2288	0.8662000000000001
2289	0.8663000000000001
2290	0.8665
2291	0.8666000000000001
2292	0.8667000000000001
2293	0.8666000000000001
2294	0.8666000000000001
2295	0.8665
2296	0.8664000000000001
2297	0.8662000000000001
2298	0.8661000000000001
2299	0.8656000000000001
2300	0.8652000000000001
2301	0.8645
2302	0.8638000000000001
2303	0.8631000000000001
2304	0.8624
2305	0.8615
2306	0.8606000000000001
2307	0.8595
2308	0.8584
2309	0.8573000000000001
2310	0.8563000000000001
2311	0.8552000000000001
2312	0.8541000000000001
2313	0.8526000000000001
2314	0.8511000000000001
2315	0.8493
2316	0.8475
2317	0.8457000000000001
2318	0.8439000000000001
2319	0.8421000000000001
2320	0.8404
2321	0.8386000000000001
2322	0.8369000000000001
2323	0.8351000000000001
2324	0.8334
2325	0.8316000000000001
2326	0.8299000000000001
2327	0.8280000000000001
2328	0.8261000000000001
2329	0.8241
2330	0.8221
2331	0.8201
2332	0.8181
2333	0.8164
2334	0.8148000000000001
2335	0.8135
2336	0.8119000000000001
2337	0.8118000000000001
2338	0.8114
2339	0.8111
2340	0.8108000000000001
2341	0.8105
2342	0.8103
2343	0.8101
2344	0.8099000000000001
2345	0.8112
2346	0.8125
2347	0.8168000000000001
2348	0.8211
2349	0.8253
2350	0.8296000000000001
2351	0.8338000000000001
2352	0.8436000000000001
2353	0.8395
2354	0.8409000000000001
2355	0.8357000000000001
2356	0.8305
2357	0.8213
2358	0.8122
2359	0.8035
2360	0.7948999999999999
2361	0.7948999999999999
2362	0.7948999999999999
2363	0.7949999999999999
2364	0.7950999999999999
2365	0.7952999999999999
2366	0.7940999999999999
2367	0.7958999999999999
2368	0.7963999999999999
2369	0.7986
2370	0.8008000000000001
2371	0.8069000000000001
2372	0.8131
2373	0.8193
2374	0.8255
2375	0.8317000000000001
2376	0.8379000000000001
2377	0.8440000000000001
2378	0.8502000000000001
2379	0.8547000000000001
2380	0.8593000000000001
2381	0.8618000000000001
2382	0.8644000000000001
2383	0.8666000000000001
2384	0.8689000000000001
2385	0.8703000000000001
2386	0.8717000000000001
2387	0.8730000000000001
2388	0.8744000000000001
2389	0.8754000000000001
2390	0.8765000000000001
2391	0.8774000000000001
2392	0.8783000000000001
2393	0.8787000000000001
2394	0.8791000000000001
2395	0.8791000000000001
2396	0.8791000000000001
2397	0.8791000000000001
2398	0.8791000000000001
2399	0.8791000000000001
2400	0.8792000000000001
2401	0.8793000000000001
2402	0.8795000000000001
2403	0.8796000000000002
2404	0.8797000000000001
2405	0.8798000000000001
2406	0.8799000000000001
2407	0.8799000000000001
2408	0.8799000000000001
2409	0.8799000000000001
2410	0.8799000000000001
2411	0.8799000000000001
2412	0.8799000000000001
2413	0.8798000000000001
2414	0.8797000000000001
2415	0.8795000000000001
2416	0.8794000000000001
2417	0.8792000000000001
2418	0.8790000000000001
2419	0.8788000000000001
2420	0.8787000000000001
2421	0.8785000000000001
2422	0.8784000000000001
2423	0.8782000000000001
2424	0.8780000000000001
2425	0.8779000000000001
2426	0.8778000000000001
2427	0.8776000000000002
2428	0.8775000000000001
2429	0.8774000000000001
2430	0.8773000000000001
2431	0.8771000000000001
2432	0.8770000000000001
2433	0.8769000000000001
2434	0.8768000000000001
2435	0.8766000000000002
2436	0.8765000000000001
2437	0.8764000000000001
2438	0.8763000000000001
2439	0.8761000000000001
2440	0.8760000000000001
2441	0.8759000000000001
2442	0.8758000000000001
2443	0.8756000000000002
2444	0.8755000000000001
2445	0.8753000000000001
2446	0.8752000000000001
2447	0.8750000000000001
2448	0.8748000000000001
2449	0.8746000000000002
2450	0.8745
2451	0.8743000000000001
2452	0.8742000000000001
2453	0.8740000000000001
2454	0.8739000000000001
2455	0.8737000000000001
2456	0.8736000000000002
2457	0.8734000000000001
2458	0.8732000000000001
2459	0.8729000000000001
2460	0.8726000000000002
2461	0.8722000000000001
2462	0.8719000000000001
2463	0.8716000000000002
2464	0.8713000000000001
2465	0.8709000000000001
2466	0.8706000000000002
2467	0.8703000000000001
2468	0.8700000000000001
2469	0.8696000000000002
2470	0.8693000000000001
2471	0.8690000000000001
2472	0.8687000000000001
2473	0.8683000000000001
2474	0.8679000000000001
2475	0.8673000000000001
2476	0.8668000000000001
2477	0.8662000000000001
2478	0.8656000000000001
2479	0.8650000000000001
2480	0.8645
2481	0.8639000000000001
2482	0.8634000000000001
2483	0.8632000000000001
2484	0.8630000000000001
2485	0.8631000000000001
2486	0.8632000000000001
2487	0.8633000000000001
2488	0.8635
2489	0.8638000000000001
2490	0.8642000000000001
2491	0.8649000000000001
2492	0.8656000000000001
2493	0.8661000000000001
2494	0.8667000000000001
2495	0.8667000000000001
2496	0.8667000000000001
2497	0.8664000000000001
2498	0.8661000000000001
2499	0.8657000000000001
2500	0.8653000000000001
2501	0.8651000000000001
2502	0.8650000000000001
2503	0.8656000000000001
2504	0.8663000000000001
2505	0.8672000000000001
2506	0.8682000000000001
2507	0.8693000000000001
2508	0.8705
2509	0.8717000000000001
2510	0.8729000000000001
2511	0.8734000000000001
2512	0.8740000000000001
2513	0.8745
2514	0.8750000000000001
2515	0.8755000000000001
2516	0.8760000000000001
2517	0.8765000000000001
2518	0.8771000000000001
2519	0.8775000000000001
2520	0.8779000000000001
2521	0.8782000000000001
2522	0.8786000000000002
2523	0.8788000000000001
2524	0.8791000000000001
2525	0.8791000000000001
2526	0.8791000000000001
2527	0.8791000000000001
2528	0.8791000000000001
2529	0.8790000000000001
2530	0.8790000000000001
2531	0.8790000000000001
2532	0.8790000000000001
2533	0.8789000000000001
2534	0.8789000000000001
2535	0.8788000000000001
2536	0.8788000000000001
2537	0.8788000000000001
2538	0.8788000000000001
2539	0.8787000000000001
2540	0.8787000000000001
2541	0.8787000000000001
2542	0.8787000000000001
2543	0.8786000000000002
2544	0.8786000000000002
2545	0.8785000000000001
2546	0.8784000000000001
2547	0.8783000000000001
2548	0.8783000000000001
2549	0.8782000000000001
2550	0.8782000000000001
2551	0.8781000000000001
2552	0.8781000000000001
2553	0.8780000000000001
2554	0.8780000000000001
2555	0.8779000000000001
2556	0.8790000000000001
2557	0.8779000000000001
2558	0.8779000000000001
2559	0.8779000000000001
2560	0.8779000000000001
2561	0.8779000000000001
2562	0.8779000000000001
2563	0.8779000000000001
2564	0.8779000000000001
2565	0.8779000000000001
2566	0.8779000000000001
2567	0.8779000000000001
2568	0.8779000000000001
2569	0.8779000000000001
2570	0.8779000000000001
2571	0.8778000000000001
2572	0.8778000000000001
2573	0.8777000000000001
2574	0.8777000000000001
2575	0.8776000000000002
2576	0.8776000000000002
2577	0.8775000000000001
2578	0.8775000000000001
2579	0.8774000000000001
2580	0.8774000000000001
2581	0.8773000000000001
2582	0.8773000000000001
2583	0.8772000000000001
2584	0.8772000000000001
2585	0.8772000000000001
2586	0.8772000000000001
2587	0.8773000000000001
2588	0.8774000000000001
2589	0.8775000000000001
2590	0.8777000000000001
2591	0.8778000000000001
2592	0.8779000000000001
2593	0.8781000000000001
2594	0.8783000000000001
2595	0.8785000000000001
2596	0.8787000000000001
2597	0.8789000000000001
2598	0.8791000000000001
2599	0.8793000000000001
2600	0.8795000000000001
2601	0.8797000000000001
2602	0.8799000000000001
2603	0.88
2604	0.8802
2605	0.8804
2606	0.8806
2607	0.8808
2608	0.881
2609	0.8811
2610	0.8813
2611	0.8813
2612	0.8813
2613	0.8813
2614	0.8813
2615	0.8813
2616	0.8813
2617	0.8813
2618	0.8813
2619	0.8813
2620	0.8813
2621	0.8813
2622	0.8813
2623	0.8812
2624	0.8812
2625	0.8811
2626	0.8811
2627	0.881
2628	0.881
2629	0.8809
2630	0.8809
2631	0.8808
2632	0.8808
2633	0.8808
2634	0.8808
2635	0.8807
2636	0.8807
2637	0.8806
2638	0.8806
2639	0.8806
2640	0.8806
2641	0.8806
2642	0.8806
2643	0.8805
2644	0.8805
2645	0.8805
2646	0.8805
2647	0.8805
2648	0.8805
2649	0.8805
2650	0.8805
2651	0.8805
2652	0.8805
2653	0.8805
2654	0.8805
2655	0.8805
2656	0.8805
2657	0.8804
2658	0.8804
2659	0.8804
2660	0.8804
2661	0.8803
2662	0.8803
2663	0.8803
2664	0.8803
2665	0.8802
2666	0.8802
2667	0.8802
2668	0.8802
2669	0.8801
2670	0.8801
2671	0.88
2672	0.88
2673	0.88
2674	0.88
2675	0.8799000000000001
2676	0.8799000000000001
2677	0.8799000000000001
2678	0.8799000000000001
2679	0.8798000000000001
2680	0.8798000000000001
2681	0.8798000000000001
2682	0.8798000000000001
2683	0.8797000000000001
2684	0.8797000000000001
2685	0.8796000000000002
2686	0.8796000000000002
2687	0.8795000000000001
2688	0.8795000000000001
2689	0.8794000000000001
2690	0.8794000000000001
2691	0.8794000000000001
2692	0.8794000000000001
2693	0.8793000000000001
2694	0.8793000000000001
2695	0.8792000000000001
2696	0.8792000000000001
2697	0.8791000000000001
2698	0.8791000000000001
2699	0.8790000000000001
2700	0.8790000000000001
2701	0.8789000000000001
2702	0.8789000000000001
2703	0.8788000000000001
2704	0.8788000000000001
2705	0.8787000000000001
2706	0.8787000000000001
2707	0.8787000000000001
2708	0.8787000000000001
2709	0.8786000000000002
2710	0.8786000000000002
2711	0.8786000000000002
2712	0.8786000000000002
2713	0.8786000000000002
2714	0.8787000000000001
2715	0.8787000000000001
2716	0.8787000000000001
2717	0.8787000000000001
2718	0.8788000000000001
2719	0.8788000000000001
2720	0.8788000000000001
2721	0.8788000000000001
2722	0.8788000000000001
2723	0.8788000000000001
2724	0.8789000000000001
2725	0.8789000000000001
2726	0.8789000000000001
2727	0.8790000000000001
2728	0.8792000000000001
2729	0.8795000000000001
2730	0.8799000000000001
2731	0.8802
2732	0.8806
2733	0.8809
2734	0.8813
2735	0.8815
2736	0.8818
2737	0.882
2738	0.8822
2739	0.8823
2740	0.8825
2741	0.8826
2742	0.8828
2743	0.8828
2744	0.8828
2745	0.8828
2746	0.8828
2747	0.8828
2748	0.8828
2749	0.8828
2750	0.8828
2751	0.8828
2752	0.8828
2753	0.8828
2754	0.8828
2755	0.8828
2756	0.8828
2757	0.8828
2758	0.8828
2759	0.8828
2760	0.8829
2761	0.8829
2762	0.883
2763	0.883
2764	0.883
2765	0.883
2766	0.8831
2767	0.8831
2768	0.8832
2769	0.8832
2770	0.8832
2771	0.8831
2772	0.8831
2773	0.8831
2774	0.8831
2775	0.883
2776	0.883
2777	0.883
2778	0.883
2779	0.883
2780	0.883
2781	0.8829
2782	0.8829
2783	0.8829
2784	0.8829
2785	0.8828
2786	0.8828
2787	0.8828
2788	0.8828
2789	0.8827
2790	0.8827
2791	0.8826
2792	0.8826
2793	0.8825
2794	0.8825
2795	0.8824
2796	0.8824
2797	0.8823
2798	0.8823
2799	0.8822
2800	0.8822
2801	0.8821
2802	0.8821
2803	0.882
2804	0.882
2805	0.8819
2806	0.8819
2807	0.8818
2808	0.8817
2809	0.8816
2810	0.8816
2811	0.8815
2812	0.8814
2813	0.8813
2814	0.8812
2815	0.8811
2816	0.881
2817	0.8809
2818	0.8809
2819	0.8806
2820	0.8804
2821	0.8801
2822	0.8799000000000001
2823	0.8796000000000002
2824	0.8793000000000001
2825	0.8790000000000001
2826	0.8788000000000001
2827	0.8784000000000001
2828	0.8780000000000001
2829	0.8774000000000001
2830	0.8769000000000001
2831	0.8763000000000001
2832	0.8758000000000001
2833	0.8752000000000001
2834	0.8746000000000002
2835	0.8740000000000001
2836	0.8735
2837	0.8730000000000001
2838	0.8726000000000002
2839	0.8722000000000001
2840	0.8718000000000001
2841	0.8714000000000001
2842	0.8711000000000001
2843	0.8707000000000001
2844	0.8703000000000001
2845	0.8699000000000001
2846	0.8696000000000002
2847	0.8692000000000001
2848	0.8688000000000001
2849	0.8684000000000001
2850	0.8680000000000001
2851	0.8676000000000001
2852	0.8672000000000001
2853	0.8668000000000001
2854	0.8664000000000001
2855	0.8660000000000001
2856	0.8656000000000001
2857	0.8652000000000001
2858	0.8649000000000001
2859	0.8647000000000001
2860	0.8646000000000001
2861	0.8644000000000001
2862	0.8643000000000001
2863	0.8642000000000001
2864	0.8641000000000001
2865	0.8640000000000001
2866	0.8639000000000001
2867	0.8637000000000001
2868	0.8636000000000001
2869	0.8635
2870	0.8634000000000001
2871	0.8633000000000001
2872	0.8632000000000001
2873	0.8627000000000001
2874	0.8623000000000001
2875	0.8615
2876	0.8607000000000001
2877	0.8598000000000001
2878	0.8590000000000001
2879	0.8579000000000001
2880	0.8569000000000001
2881	0.8558000000000001
2882	0.8548000000000001
2883	0.8537000000000001
2884	0.8527000000000001
2885	0.8516000000000001
2886	0.8506000000000001
2887	0.8495
2888	0.8485
2889	0.8474
2890	0.8463
2891	0.8451000000000001
2892	0.8440000000000001
2893	0.8428000000000001
2894	0.8417000000000001
2895	0.8406000000000001
2896	0.8395
2897	0.8383
2898	0.8372
2899	0.8360000000000001
2900	0.8349000000000001
2901	0.8333
2902	0.8317000000000001
2903	0.8300000000000001
2904	0.8284
2905	0.8267000000000001
2906	0.8251000000000001
2907	0.8234
2908	0.8218000000000001
2909	0.8201
2910	0.8185
2911	0.8168000000000001
2912	0.8152
2913	0.8136000000000001
2914	0.812
2915	0.8103
2916	0.8087000000000001
2917	0.8071
2918	0.8055
2919	0.8038000000000001
2920	0.8022
2921	0.8003
2922	0.7983999999999999
2923	0.7964999999999999
2924	0.7946
2925	0.7927
2926	0.7908
2927	0.7884999999999999
2928	0.7861999999999999
2929	0.7837
2930	0.7812999999999999
2931	0.7789
2932	0.7765
2933	0.7743
2934	0.7722
2935	0.7704
2936	0.7686000000000001
2937	0.7669
2938	0.7653
2939	0.7643
2940	0.7634
2941	0.7625
2942	0.7616
2943	0.7605
2944	0.7594
2945	0.7582
2946	0.757
2947	0.7558
2948	0.7546
2949	0.7526
2950	0.7507
2951	0.7481
2952	0.7454999999999999
2953	0.7414999999999999
2954	0.7376
2955	0.7328
2956	0.728
2957	0.722
2958	0.716
2959	0.7099
2960	0.7039
2961	0.6977
2962	0.6914999999999999
2963	0.6851999999999999
2964	0.6789999999999999
2965	0.6694999999999999
2966	0.6599999999999999
2967	0.6463
2968	0.6327
2969	0.6129
2970	0.5932
2971	0.5720000000000001
2972	0.5509000000000001
2973	0.5298
2974	0.5087
2975	0.4962
2976	0.48380000000000006
2977	0.4847
2978	0.48560000000000003
2979	0.48880000000000007
2980	0.492
2981	0.4951
2982	0.4983
2983	0.5015
2984	0.5047
2985	0.5064
2986	0.5081
2987	0.507
2988	0.5059
2989	0.48640000000000005
2990	0.46690000000000004
2991	0.4474
2992	0.42800000000000005
2993	0.4052
2994	0.3824
2995	0.3765
2996	0.3707
2997	0.3699
2998	0.3709
2999	0.3691
3000	0.3691
3001	0.3699
3002	0.3708
3003	0.3729
3004	0.375
3005	0.3798
3006	0.3847
3007	0.3916
3008	0.3985
3009	0.40530000000000005
3010	0.4122
3011	0.41910000000000003
3012	0.42600000000000005
3013	0.43160000000000004
3014	0.4373000000000001
3015	0.43690000000000007
3016	0.43660000000000004
3017	0.43210000000000004
3018	0.42780000000000007
3019	0.4197
3020	0.4117
3021	0.40580000000000005
3022	0.4022
3023	0.40080000000000005
3024	0.4017
3025	0.4081
3026	0.41450000000000004
3027	0.42090000000000005
3028	0.42740000000000006
3029	0.4338000000000001
3030	0.4402
3031	0.4466
3032	0.4531
3033	0.4536
3034	0.4542
3035	0.4522
3036	0.4525
3037	0.4424
3038	0.43470000000000003
3039	0.42690000000000006
3040	0.4192
3041	0.41140000000000004
3042	0.4037
3043	0.396
3044	0.38830000000000003
3045	0.3821
3046	0.3763
3047	0.3792
3048	0.3826
3049	0.39180000000000004
3050	0.401
3051	0.4101
3052	0.41930000000000006
3053	0.42650000000000005
3054	0.43370000000000003
3055	0.43300000000000005
3056	0.43200000000000005
3057	0.42110000000000003
3058	0.41000000000000003
3059	0.397
3060	0.3841
3061	0.3711
3062	0.3581
3063	0.34509999999999996
3064	0.33219999999999994
3065	0.3319
3066	0.33159999999999995
3067	0.3338
3068	0.33609999999999995
3069	0.33899999999999997
3070	0.34199999999999997
3071	0.3429
3072	0.3438
3073	0.3439
3074	0.344
3075	0.34369999999999995
3076	0.34349999999999997
3077	0.33809999999999996
3078	0.3328
3079	0.3227
3080	0.3127
3081	0.3026
3082	0.29250000000000004
3083	0.28240000000000004
3084	0.27240000000000003
3085	0.26230000000000003
3086	0.2523
3087	0.24220000000000003
3088	0.2321
3089	0.2232
3090	0.21050000000000002
3091	0.21430000000000002
3092	0.21430000000000002
3093	0.229
3094	0.24370000000000003
3095	0.2586
3096	0.2735
3097	0.28840000000000005
3098	0.3033
3099	0.3182
3100	0.33319999999999994
3101	0.3418
3102	0.3504
3103	0.34409999999999996
3104	0.3523
3105	0.316
3106	0.29410000000000003
3107	0.2721
3108	0.2502
3109	0.23440000000000003
3110	0.21860000000000002
3111	0.21880000000000002
3112	0.21930000000000002
3113	0.2305
3114	0.24190000000000003
3115	0.2607
3116	0.2795
3117	0.30269999999999997
3118	0.3259
3119	0.34419999999999995
3120	0.3626
3121	0.3809
3122	0.39930000000000004
3123	0.4176
3124	0.43590000000000007
3125	0.4542
3126	0.4726
3127	0.48880000000000007
3128	0.5051
3129	0.5221
3130	0.5391
3131	0.5502
3132	0.5614
3133	0.5704
3134	0.5794
3135	0.5912999999999999
3136	0.6033
3137	0.622
3138	0.6407
3139	0.6612999999999999
3140	0.6819
3141	0.6944999999999999
3142	0.7071999999999999
3143	0.7181
3144	0.7291
3145	0.7386
3146	0.7482
3147	0.7538
3148	0.7595
3149	0.7651
3150	0.7707
3151	0.7759
3152	0.7811999999999999
3153	0.7863999999999999
3154	0.7916
3155	0.8003
3156	0.8091
3157	0.8150000000000001
3158	0.8209000000000001
3159	0.8248000000000001
3160	0.8288000000000001
3161	0.8317000000000001
3162	0.8347000000000001
3163	0.8372
3164	0.8397000000000001
3165	0.8420000000000001
3166	0.8444
3167	0.8459000000000001
3168	0.8474
3169	0.8489000000000001
3170	0.8504
3171	0.8519000000000001
3172	0.8535
3173	0.8550000000000001
3174	0.8565
3175	0.8580000000000001
3176	0.8596000000000001
3177	0.8603000000000001
3178	0.8610000000000001
3179	0.8615
3180	0.8621000000000001
3181	0.8626000000000001
3182	0.8631000000000001
3183	0.8634000000000001
3184	0.8638000000000001
3185	0.8642000000000001
3186	0.8646000000000001
3187	0.8649000000000001
3188	0.8653000000000001
3189	0.8656000000000001
3190	0.8660000000000001
3191	0.8661000000000001
3192	0.8662000000000001
3193	0.8663000000000001
3194	0.8664000000000001
3195	0.8665
3196	0.8667000000000001
3197	0.8667000000000001
3198	0.8667000000000001
3199	0.8667000000000001
3200	0.8667000000000001
3201	0.8667000000000001
3202	0.8667000000000001
3203	0.8667000000000001
3204	0.8667000000000001
3205	0.8667000000000001
3206	0.8667000000000001
3207	0.8665
3208	0.8664000000000001
3209	0.8662000000000001
3210	0.8661000000000001
3211	0.8659000000000001
3212	0.8658000000000001
3213	0.8656000000000001
3214	0.8655
3215	0.8654000000000001
3216	0.8653000000000001
3217	0.8652000000000001
3218	0.8652000000000001
3219	0.8651000000000001
3220	0.8650000000000001
3221	0.8649000000000001
3222	0.8648000000000001
3223	0.8647000000000001
3224	0.8646000000000001
3225	0.8645
3226	0.8644000000000001
3227	0.8642000000000001
3228	0.8641000000000001
3229	0.8639000000000001
3230	0.8638000000000001
3231	0.8636000000000001
3232	0.8635
3233	0.8634000000000001
3234	0.8633000000000001
3235	0.8634000000000001
3236	0.8635
3237	0.8636000000000001
3238	0.8637000000000001
3239	0.8640000000000001
3240	0.8643000000000001
3241	0.8645
3242	0.8675
3243	0.8650000000000001
3244	0.8653000000000001
3245	0.8656000000000001
3246	0.8660000000000001
3247	0.8664000000000001
3248	0.8669000000000001
3249	0.8673000000000001
3250	0.8677000000000001
3251	0.8680000000000001
3252	0.8683000000000001
3253	0.8686000000000001
3254	0.8689000000000001
3255	0.8691000000000001
3256	0.8693000000000001
3257	0.8694000000000001
3258	0.8696000000000002
3259	0.8697000000000001
3260	0.8699000000000001
3261	0.8700000000000001
3262	0.8702000000000001
3263	0.8703000000000001
3264	0.8705
3265	0.8706000000000002
3266	0.8708000000000001
3267	0.8708000000000001
3268	0.8709000000000001
3269	0.8709000000000001
3270	0.8709000000000001
3271	0.8708000000000001
3272	0.8708000000000001
3273	0.8708000000000001
3274	0.8708000000000001
3275	0.8707000000000001
3276	0.8707000000000001
3277	0.8706000000000002
3278	0.8706000000000002
3279	0.8706000000000002
3280	0.8706000000000002
3281	0.8704000000000001
3282	0.8703000000000001
3283	0.8700000000000001
3284	0.8698000000000001
3285	0.8695
3286	0.8692000000000001
3287	0.8689000000000001
3288	0.8687000000000001
3289	0.8684000000000001
3290	0.8682000000000001
3291	0.8679000000000001
3292	0.8677000000000001
3293	0.8674000000000001
3294	0.8672000000000001
3295	0.8670000000000001
3296	0.8669000000000001
3297	0.8667000000000001
3298	0.8666000000000001
3299	0.8665
3300	0.8664000000000001
3301	0.8662000000000001
3302	0.8661000000000001
3303	0.8660000000000001
3304	0.8659000000000001
3305	0.8657000000000001
3306	0.8656000000000001
3307	0.8656000000000001
3308	0.8657000000000001
3309	0.8658000000000001
3310	0.8660000000000001
3311	0.8661000000000001
3312	0.8662000000000001
3313	0.8663000000000001
3314	0.8665
3315	0.8666000000000001
3316	0.8667000000000001
3317	0.8668000000000001
3318	0.8670000000000001
3319	0.8671000000000001
3320	0.8672000000000001
3321	0.8673000000000001
3322	0.8674000000000001
3323	0.8675
3324	0.8676000000000001
3325	0.8677000000000001
3326	0.8678000000000001
3327	0.8679000000000001
3328	0.8680000000000001
3329	0.8681000000000001
3330	0.8682000000000001
3331	0.8681000000000001
3332	0.8681000000000001
3333	0.8680000000000001
3334	0.8680000000000001
3335	0.8680000000000001
3336	0.8680000000000001
3337	0.8679000000000001
3338	0.8679000000000001
3339	0.8678000000000001
3340	0.8678000000000001
3341	0.8677000000000001
3342	0.8677000000000001
3343	0.8676000000000001
3344	0.8676000000000001
3345	0.8675
3346	0.8675
3347	0.8674000000000001
3348	0.8674000000000001
3349	0.8673000000000001
3350	0.8672000000000001
3351	0.8670000000000001
3352	0.8669000000000001
3353	0.8668000000000001
3354	0.8667000000000001
3355	0.8665
3356	0.8664000000000001
3357	0.8663000000000001
3358	0.8662000000000001
3359	0.8660000000000001
3360	0.8659000000000001
3361	0.8657000000000001
3362	0.8656000000000001
3363	0.8655
3364	0.8654000000000001
3365	0.8652000000000001
3366	0.8651000000000001
3367	0.8649000000000001
3368	0.8647000000000001
3369	0.8645
3370	0.8643000000000001
3371	0.8641000000000001
3372	0.8639000000000001
3373	0.8636000000000001
3374	0.8634000000000001
3375	0.8632000000000001
3376	0.8630000000000001
3377	0.8628000000000001
3378	0.8626000000000001
3379	0.8624
3380	0.8622000000000001
3381	0.8620000000000001
3382	0.8618000000000001
3383	0.8615
3384	0.8613000000000001
3385	0.8611000000000001
3386	0.8609000000000001
3387	0.8607000000000001
3388	0.8605
3389	0.8603000000000001
3390	0.8601000000000001
3391	0.8599000000000001
3392	0.8597000000000001
3393	0.8594
3394	0.8592000000000001
3395	0.8590000000000001
3396	0.8588000000000001
3397	0.8586000000000001
3398	0.8584
3399	0.8583000000000001
3400	0.8582000000000001
3401	0.8584
3402	0.8586000000000001
3403	0.8587000000000001
3404	0.8589000000000001
3405	0.8590000000000001
3406	0.8592000000000001
3407	0.8593000000000001
3408	0.8595
3409	0.8598000000000001
3410	0.8601000000000001
3411	0.8604
3412	0.8608000000000001
3413	0.8611000000000001
3414	0.8615
3415	0.8618000000000001
3416	0.8621000000000001
3417	0.8625
3418	0.8629000000000001
3419	0.8634000000000001
3420	0.8640000000000001
3421	0.8645
3422	0.8651000000000001
3423	0.8655
3424	0.8659000000000001
3425	0.8659000000000001
3426	0.8660000000000001
3427	0.8661000000000001
3428	0.8662000000000001
3429	0.8662000000000001
3430	0.8663000000000001
3431	0.8664000000000001
3432	0.8665
3433	0.8665
3434	0.8666000000000001
3435	0.8667000000000001
3436	0.8668000000000001
3437	0.8668000000000001
3438	0.8669000000000001
3439	0.8670000000000001
3440	0.8671000000000001
3441	0.8671000000000001
3442	0.8672000000000001
3443	0.8672000000000001
3444	0.8673000000000001
3445	0.8674000000000001
3446	0.8675
3447	0.8675
3448	0.8676000000000001
3449	0.8677000000000001
3450	0.8678000000000001
3451	0.8678000000000001
3452	0.8679000000000001
3453	0.8680000000000001
3454	0.8681000000000001
3455	0.8681000000000001
3456	0.8682000000000001
3457	0.8683000000000001
3458	0.8684000000000001
3459	0.8684000000000001
3460	0.8685
3461	0.8686000000000001
3462	0.8687000000000001
3463	0.8687000000000001
3464	0.8688000000000001
3465	0.8688000000000001
3466	0.8689000000000001
3467	0.8690000000000001
3468	0.8691000000000001
3469	0.8691000000000001
3470	0.8692000000000001
3471	0.8693000000000001
3472	0.8694000000000001
3473	0.8694000000000001
3474	0.8695
3475	0.8696000000000002
3476	0.8697000000000001
3477	0.8697000000000001
3478	0.8697000000000001
3479	0.8697000000000001
3480	0.8698000000000001
3481	0.8698000000000001
3482	0.8698000000000001
3483	0.8698000000000001
3484	0.8698000000000001
3485	0.8698000000000001
3486	0.8698000000000001
3487	0.8698000000000001
3488	0.8699000000000001
3489	0.8699000000000001
3490	0.8699000000000001
3491	0.8699000000000001
3492	0.8699000000000001
3493	0.8699000000000001
3494	0.8700000000000001
3495	0.8700000000000001
3496	0.8700000000000001
3497	0.8700000000000001
3498	0.8700000000000001
3499	0.8700000000000001
3500	0.8701000000000001
3501	0.8701000000000001
3502	0.8701000000000001
3503	0.8701000000000001
3504	0.8702000000000001
3505	0.8702000000000001
3506	0.8703000000000001
3507	0.8703000000000001
3508	0.8704000000000001
3509	0.8704000000000001
3510	0.8704000000000001
3511	0.8704000000000001
3512	0.8705
3513	0.8705
3514	0.8706000000000002
3515	0.8706000000000002
3516	0.8707000000000001
3517	0.8707000000000001
3518	0.8708000000000001
3519	0.8708000000000001
3520	0.8708000000000001
3521	0.8709000000000001
3522	0.8711000000000001
3523	0.8712000000000001
3524	0.8713000000000001
3525	0.8714000000000001
3526	0.8715
3527	0.8716000000000002
3528	0.8718000000000001
3529	0.8719000000000001
3530	0.8720000000000001
3531	0.8721000000000001
3532	0.8722000000000001
3533	0.8723000000000001
3534	0.8725
3535	0.8726000000000002
3536	0.8727000000000001
3537	0.8728000000000001
3538	0.8729000000000001
3539	0.8730000000000001
3540	0.8732000000000001
3541	0.8733000000000001
3542	0.8734000000000001
3543	0.8735
3544	0.8736000000000002
3545	0.8736000000000002
3546	0.8737000000000001
3547	0.8738000000000001
3548	0.8739000000000001
3549	0.8739000000000001
3550	0.8740000000000001
3551	0.8740000000000001
3552	0.8741000000000001
3553	0.8742000000000001
3554	0.8743000000000001
3555	0.8743000000000001
3556	0.8744000000000001
3557	0.8744000000000001
3558	0.8745
3559	0.8746000000000002
3560	0.8747000000000001
3561	0.8747000000000001
3562	0.8748000000000001
3563	0.8748000000000001
3564	0.8749000000000001
3565	0.8750000000000001
3566	0.8751000000000001
3567	0.8750000000000001
3568	0.8749000000000001
3569	0.8748000000000001
3570	0.8748000000000001
3571	0.8747000000000001
3572	0.8747000000000001
3573	0.8746000000000002
3574	0.8745
3575	0.8744000000000001
3576	0.8744000000000001
3577	0.8743000000000001
3578	0.8743000000000001
3579	0.8742000000000001
3580	0.8742000000000001
3581	0.8741000000000001
3582	0.8740000000000001
3583	0.8739000000000001
3584	0.8739000000000001
3585	0.8737000000000001
3586	0.8735
3587	0.8733000000000001
3588	0.8732000000000001
3589	0.8730000000000001
3590	0.8728000000000001
3591	0.8726000000000002
3592	0.8724000000000001
3593	0.8722000000000001
3594	0.8721000000000001
3595	0.8719000000000001
3596	0.8717000000000001
3597	0.8715
3598	0.8713000000000001
3599	0.8711000000000001
3600	0.8710000000000001
3601	0.8708000000000001
3602	0.8706000000000002
3603	0.8706000000000002
3604	0.8706000000000002
3605	0.8708000000000001
3606	0.8710000000000001
3607	0.8712000000000001
3608	0.8714000000000001
3609	0.8716000000000002
3610	0.8719000000000001
3611	0.8721000000000001
3612	0.8723000000000001
3613	0.8725
3614	0.8727000000000001
3615	0.8729000000000001
3616	0.8731000000000001
3617	0.8733000000000001
3618	0.8736000000000002
3619	0.8739000000000001
3620	0.8743000000000001
3621	0.8747000000000001
3622	0.8751000000000001
3623	0.8755000000000001
3624	0.8759000000000001
3625	0.8762000000000001
3626	0.8766000000000002
3627	0.8770000000000001
3628	0.8774000000000001
3629	0.8776000000000002
3630	0.8779000000000001
3631	0.8780000000000001
3632	0.8782000000000001
3633	0.8783000000000001
3634	0.8785000000000001
3635	0.8786000000000002
3636	0.8788000000000001
3637	0.8789000000000001
3638	0.8791000000000001
3639	0.8792000000000001
3640	0.8794000000000001
3641	0.8795000000000001
3642	0.8797000000000001
3643	0.8798000000000001
3644	0.88
3645	0.88
3646	0.8801
3647	0.8801
3648	0.8802
3649	0.8802
3650	0.8803
3651	0.8803
3652	0.8804
3653	0.8804
3654	0.8805
3655	0.8805
3656	0.8806
3657	0.8806
3658	0.8807
3659	0.8807
3660	0.8808
3661	0.8804
3662	0.88
3663	0.8796000000000002
3664	0.8792000000000001
3665	0.8788000000000001
3666	0.8784000000000001
3667	0.8780000000000001
3668	0.8776000000000002
3669	0.8772000000000001
3670	0.8768000000000001
3671	0.8764000000000001
3672	0.8760000000000001
3673	0.8756000000000002
3674	0.8752000000000001
3675	0.8747000000000001
3676	0.8743000000000001
3677	0.8738000000000001
3678	0.8734000000000001
3679	0.8730000000000001
3680	0.8726000000000002
3681	0.8725
3682	0.8725
3683	0.8726000000000002
3684	0.8727000000000001
3685	0.8728000000000001
3686	0.8729000000000001
3687	0.8730000000000001
3688	0.8731000000000001
3689	0.8732000000000001
3690	0.8734000000000001
3691	0.8736000000000002
3692	0.8738000000000001
3693	0.8740000000000001
3694	0.8743000000000001
3695	0.8745
3696	0.8748000000000001
3697	0.8750000000000001
3698	0.8753000000000001
3699	0.8755000000000001
3700	0.8758000000000001
3701	0.8757000000000001
3702	0.8757000000000001
3703	0.8756000000000002
3704	0.8756000000000002
3705	0.8756000000000002
3706	0.8756000000000002
3707	0.8755000000000001
3708	0.8755000000000001
3709	0.8755000000000001
3710	0.8755000000000001
3711	0.8754000000000001
3712	0.8754000000000001
3713	0.8753000000000001
3714	0.8752000000000001
3715	0.8751000000000001
3716	0.8750000000000001
3717	0.8749000000000001
3718	0.8748000000000001
3719	0.8747000000000001
3720	0.8746000000000002
3721	0.8745
3722	0.8744000000000001
3723	0.8743000000000001
3724	0.8742000000000001
3725	0.8744000000000001
3726	0.8747000000000001
3727	0.8750000000000001
3728	0.8753000000000001
3729	0.8756000000000002
3730	0.8759000000000001
3731	0.8762000000000001
3732	0.8765000000000001
3733	0.8769000000000001
3734	0.8774000000000001
3735	0.8781000000000001
3736	0.8789000000000001
3737	0.8794000000000001
3738	0.88
3739	0.8799000000000001
3740	0.8799000000000001
3741	0.8798000000000001
3742	0.8798000000000001
3743	0.8798000000000001
3744	0.8798000000000001
3745	0.8797000000000001
3746	0.8797000000000001
3747	0.8796000000000002
3748	0.8796000000000002
3749	0.8795000000000001
3750	0.8795000000000001
3751	0.8794000000000001
3752	0.8793000000000001
3753	0.8792000000000001
3754	0.8792000000000001
3755	0.8791000000000001
3756	0.8790000000000001
3757	0.8789000000000001
3758	0.8788000000000001
3759	0.8787000000000001
3760	0.8787000000000001
3761	0.8786000000000002
3762	0.8785000000000001
3763	0.8785000000000001
3764	0.8785000000000001
3765	0.8785000000000001
3766	0.8785000000000001
3767	0.8785000000000001
3768	0.8786000000000002
3769	0.8786000000000002
3770	0.8786000000000002
3771	0.8786000000000002
3772	0.8787000000000001
3773	0.8787000000000001
3774	0.8787000000000001
3775	0.8787000000000001
3776	0.8788000000000001
3777	0.8788000000000001
3778	0.8789000000000001
3779	0.8789000000000001
3780	0.8789000000000001
3781	0.8789000000000001
3782	0.8790000000000001
3783	0.8790000000000001
3784	0.8791000000000001
3785	0.8791000000000001
3786	0.8792000000000001
3787	0.8791000000000001
3788	0.8790000000000001
3789	0.8789000000000001
3790	0.8789000000000001
3791	0.8788000000000001
3792	0.8788000000000001
3793	0.8787000000000001
3794	0.8786000000000002
3795	0.8785000000000001
3796	0.8785000000000001
3797	0.8784000000000001
3798	0.8784000000000001
